"cvFolds" "trainProp" "isMSE" "osMSE" "optTrees"
"1" 2 0.5 19.3552323412529 89.9622208219643 1736
"2" 2 0.5 17.4297066055406 85.4681141317671 1221
"3" 2 0.5 4.47299506277098 22.1375526194777 9007
"4" 2 0.5 0.734273333922581 16.6534897578617 14950
"5" 2 0.5 32.9120839272594 52.7850148527653 1746
"6" 2 0.5 18.6075422609853 34.5158467424034 3638
"7" 2 0.5 6.55531096313429 23.6030060347543 7720
"8" 2 0.5 0.259554482139685 27.6044571311739 15563
"9" 2 0.5 12.2016644339983 46.3757933975039 7560
"10" 2 0.5 32.816716648599 45.3780043694143 3270
"11" 2 0.5 0.535626600028183 31.90355254738 12182
"12" 2 0.5 6.71629868586038 59.1621564292216 8935
"13" 2 0.5 15.7180384405241 54.7989235619462 3692
"14" 2 0.5 10.1081877809708 34.5683010061342 8999
"15" 2 0.5 5.95728569426797 23.3133279352153 8205
"16" 2 0.5 25.8463181932493 51.7629627931407 3005
"17" 2 0.5 12.4944203143314 26.3116835160475 5831
"18" 2 0.5 3.23518052567017 42.8586847656885 8794
"19" 2 0.5 12.1834149001794 41.2008226017728 5428
"20" 2 0.5 3.00068586203318 35.8050470074073 10633
"21" 2 0.5 2.16752063245557 31.4822440860474 8513
"22" 2 0.5 1.5012969548718 30.5268474903015 11505
"23" 2 0.5 30.6461445476356 58.8627586896323 2743
"24" 2 0.5 7.8456186412421 45.6128610735029 4732
"25" 2 0.5 25.737396598991 58.7030861674817 2322
"26" 2 0.5 36.8525382582429 44.8205782612298 2109
"27" 2 0.5 0.698498118657437 24.1737560921506 10762
"28" 2 0.5 29.3793927356894 79.7851308134286 1107
"29" 2 0.5 6.02798316896799 36.8050115250033 8503
"30" 2 0.5 5.98357910884017 28.3766005716731 9526
"31" 2 0.5 3.51381434823377 45.5337274185398 7159
"32" 2 0.5 29.4449676051301 51.1969913778222 2038
"33" 2 0.5 27.5007205139688 19.2247755178021 2811
"34" 2 0.5 0.541363209119417 38.6377789972137 19860
"35" 2 0.5 7.57081341206936 33.5401818275199 7373
"36" 2 0.5 0.878942789030542 42.6754822516123 12341
"37" 2 0.5 0.903902972429285 30.7472858416511 19983
"38" 2 0.5 9.75765092850477 37.7834569046893 4904
"39" 2 0.5 11.1695657668889 34.1389917090802 6213
"40" 2 0.5 7.50078843774615 18.6447440406213 7877
"41" 2 0.5 5.48619101861008 28.702031743572 9512
"42" 2 0.5 35.7106032677632 36.2613769750593 2834
"43" 2 0.5 22.054064486411 63.4851281556944 1513
"44" 2 0.5 1.32068343596813 76.3179280393511 19964
"45" 2 0.5 0.790855394802132 68.0092892076674 19690
"46" 2 0.5 40.0591461748209 41.7644847097316 1815
"47" 2 0.5 2.73980985556331 27.9369862308688 9014
"48" 2 0.5 0.456048471993264 48.6428966962752 19964
"49" 2 0.5 36.1509363413508 39.6091646385114 2486
"50" 2 0.5 17.6169169740654 36.8502720520865 5357
"51" 4 0.5 0.0489486180536409 33.2489892311959 19979
"52" 4 0.5 1.84746984586436 43.4308943033002 19966
"53" 4 0.5 10.9928702744505 51.7872225945838 3838
"54" 4 0.5 6.59259920029995 36.6488516812555 7320
"55" 4 0.5 4.97601556962607 19.4930410897993 7226
"56" 4 0.5 26.0976283655207 50.6071469596283 2393
"57" 4 0.5 0.205925262400622 49.8226573005976 15611
"58" 4 0.5 26.7668718046396 52.8743162933309 2392
"59" 4 0.5 0.301443083785463 52.0775989693137 15179
"60" 4 0.5 16.6228852383512 55.5403195157482 2365
"61" 4 0.5 9.88388162420511 73.2154534048712 3072
"62" 4 0.5 37.5350589571334 61.241796480971 1052
"63" 4 0.5 0.0819459191031313 21.00304065296 19897
"64" 4 0.5 25.5669629336549 51.6017064722357 1936
"65" 4 0.5 13.5348700094674 75.4142120237501 2704
"66" 4 0.5 0.3041196985774 42.1495229120699 16171
"67" 4 0.5 2.74015240188128 57.0698167177027 6950
"68" 4 0.5 5.23321493046625 48.6873296551226 4509
"69" 4 0.5 18.807526577747 54.9255462006189 2979
"70" 4 0.5 29.8834986205239 25.7221920944367 2933
"71" 4 0.5 25.8024459101088 29.1647552648031 3487
"72" 4 0.5 53.732027009959 29.4297089355754 1698
"73" 4 0.5 0.404948248380859 34.5198128604873 12348
"74" 4 0.5 23.07024757294 39.4239767097985 4110
"75" 4 0.5 29.2958997766145 84.1970900758012 1312
"76" 4 0.5 0.377819462685328 59.8704332898082 19393
"77" 4 0.5 4.02825129789475 76.7543500817801 3551
"78" 4 0.5 1.27269210476827 26.7162518966988 19950
"79" 4 0.5 4.76664850786343 80.4354524781921 4969
"80" 4 0.5 39.9265381453277 28.2353187074188 1896
"81" 4 0.5 0.267556569287289 27.7746835108919 18232
"82" 4 0.5 36.2648181302148 54.173335670602 1224
"83" 4 0.5 1.5795604825685 21.8003497154063 11164
"84" 4 0.5 4.66259198215653 28.5538991308363 7830
"85" 4 0.5 2.49574554287193 50.5245454333999 9778
"86" 4 0.5 1.27045420429237 38.8686425302829 11906
"87" 4 0.5 43.1750480758255 57.1534335214555 1297
"88" 4 0.5 3.05700630253359 32.7766581108282 7183
"89" 4 0.5 14.0239665859281 71.90450876906 3222
"90" 4 0.5 8.98707356991082 48.3651993152837 19939
"91" 4 0.5 35.4215611622319 60.9099358755684 1565
"92" 4 0.5 37.4953739644802 67.5815162045571 1069
"93" 4 0.5 14.2302204620453 79.9140114744431 1912
"94" 4 0.5 24.1713564156422 63.0254991748176 2726
"95" 4 0.5 0.0210684268845908 54.4648600933201 19981
"96" 4 0.5 13.1307192076254 67.6443176160906 4352
"97" 4 0.5 5.58415352787041 19.8355533374844 7058
"98" 4 0.5 29.983838893117 67.0022410123696 1475
"99" 4 0.5 37.7517252761832 19.6102553969762 2251
"100" 4 0.5 18.7902820278952 25.8680482902614 3383
"101" 6 0.5 0.613963311971194 53.033768617631 14677
"102" 6 0.5 2.86910092180425 24.2770184295147 13984
"103" 6 0.5 15.6178948936672 59.7436270612776 9235
"104" 6 0.5 0.165235736465866 44.6573574773719 19979
"105" 6 0.5 1.16853654246887 42.9580712553333 15830
"106" 6 0.5 3.09699875516205 47.8822547095484 8637
"107" 6 0.5 0.414066013372646 48.5710360313597 12607
"108" 6 0.5 1.36592936959923 50.5372076929953 15881
"109" 6 0.5 0.816965768179333 17.9041434710937 12551
"110" 6 0.5 3.08950097684315 27.195378923357 7442
"111" 6 0.5 33.2527643389603 55.6628767216601 2182
"112" 6 0.5 37.1779253720349 61.5764375869672 1346
"113" 6 0.5 3.31931933797461 60.3038164929426 4263
"114" 6 0.5 39.5329059852955 19.5715583267188 2246
"115" 6 0.5 7.57682814595922 42.2410815170775 5630
"116" 6 0.5 31.7566499708884 29.5791419915139 2406
"117" 6 0.5 38.377783442782 61.052696068153 1282
"118" 6 0.5 6.24901076649339 56.0170775031428 6094
"119" 6 0.5 20.6316036221353 53.0474322796851 4941
"120" 6 0.5 1.92819942919556 12.5746279311615 19172
"121" 6 0.5 10.7721049111194 80.2630424893231 2243
"122" 6 0.5 7.97730011333163 18.468631357684 5886
"123" 6 0.5 29.7502960732613 66.7998055089347 1970
"124" 6 0.5 17.1879896023603 34.9974235207834 3757
"125" 6 0.5 35.6464781958688 68.7947726953483 1249
"126" 6 0.5 5.74458244447599 35.6799341007815 16011
"127" 6 0.5 37.0040707048784 76.5849793738801 1241
"128" 6 0.5 32.7823507282351 71.5703817040429 1244
"129" 6 0.5 12.1764835381708 44.3320999314721 3059
"130" 6 0.5 41.9989117547408 20.4442854174416 2002
"131" 6 0.5 14.4146048148223 28.2160653198001 3323
"132" 6 0.5 2.12292400070027 34.6217490550168 19944
"133" 6 0.5 4.75321222759715 28.0959443726866 19640
"134" 6 0.5 0.6993592848563 36.631208195112 19751
"135" 6 0.5 14.977193923352 38.2920692217326 4388
"136" 6 0.5 42.0025850197072 41.5860190775512 1087
"137" 6 0.5 21.1061234976846 51.412356232169 3844
"138" 6 0.5 29.1365804530439 69.5019817275463 2451
"139" 6 0.5 3.93733041110372 64.8231768583645 14581
"140" 6 0.5 5.57418232576293 35.3302384351315 19972
"141" 6 0.5 0.0796884909803729 75.5907508816737 19930
"142" 6 0.5 47.716351100634 49.1103691125492 1198
"143" 6 0.5 39.7602158933872 58.8005556567107 1331
"144" 6 0.5 27.3671490415593 61.013865415038 1485
"145" 6 0.5 2.31328584955637 46.6060414719457 10096
"146" 6 0.5 0.0765534745047726 37.9232469352568 19950
"147" 6 0.5 3.15006326676362 22.3230357519372 10935
"148" 6 0.5 0.631932950077638 38.8439959337018 19972
"149" 6 0.5 26.2036055754511 85.7148969013232 1057
"150" 6 0.5 20.505449321222 83.999621153743 1229
"151" 8 0.5 1.29018744875506 31.3759645646145 18226
"152" 8 0.5 35.2275256389885 61.2867850106854 1501
"153" 8 0.5 39.2715129473564 52.7140965124224 1078
"154" 8 0.5 31.3857192003298 62.3702058870596 1556
"155" 8 0.5 4.66822419858787 70.5043175154549 5318
"156" 8 0.5 13.0201681898999 54.9865955391538 6938
"157" 8 0.5 3.47170171451637 16.2374592380704 17152
"158" 8 0.5 3.57738930878844 37.6977742162256 7327
"159" 8 0.5 18.5140719268416 60.9639305660064 1719
"160" 8 0.5 10.2269957503581 43.9243520787943 12794
"161" 8 0.5 2.17104724789258 28.1057017708194 19807
"162" 8 0.5 33.2151151950372 66.8943889702764 1216
"163" 8 0.5 15.6074593131676 60.0082419707831 5637
"164" 8 0.5 14.8262750843185 37.1452872040268 4874
"165" 8 0.5 16.6524105789925 35.6596689853655 3982
"166" 8 0.5 31.3644992420507 38.6062477418855 2666
"167" 8 0.5 0.51981229604076 30.6774684646376 19988
"168" 8 0.5 1.16220563379991 42.5255690239632 8193
"169" 8 0.5 28.502955469079 55.9211323580356 1329
"170" 8 0.5 31.9299050586119 9.20858746896576 2526
"171" 8 0.5 39.496358289042 49.3411022802261 1827
"172" 8 0.5 29.3888506223844 63.8568603408737 2229
"173" 8 0.5 2.90276127805763 35.8941135514736 17553
"174" 8 0.5 1.99314935047131 55.5362551134681 6747
"175" 8 0.5 30.1103997292832 41.669604305649 2218
"176" 8 0.5 2.7951041879255 30.3546026873133 13310
"177" 8 0.5 37.7231504208154 26.6406960305806 1951
"178" 8 0.5 27.1108430013845 71.3541399311633 1710
"179" 8 0.5 52.9117132924777 40.3794645215605 1296
"180" 8 0.5 7.59457672118874 32.5968259069874 8544
"181" 8 0.5 1.81482553213342 19.9905915884887 16548
"182" 8 0.5 27.6896056770387 69.1466950589943 1326
"183" 8 0.5 11.6409321313699 27.5553855182595 4953
"184" 8 0.5 16.4239525677791 86.7646308632159 1764
"185" 8 0.5 7.51222128890926 63.8641870683715 7325
"186" 8 0.5 0.817076574263071 39.7172233971628 19899
"187" 8 0.5 7.06468201177067 74.189284962799 4854
"188" 8 0.5 38.5728900211713 35.107905786191 1511
"189" 8 0.5 7.25489685803618 30.5810576678086 6506
"190" 8 0.5 32.8048614736136 73.1609648862289 1474
"191" 8 0.5 6.82694526545676 32.11432637492 6537
"192" 8 0.5 0.80064985289437 15.5030759015804 12439
"193" 8 0.5 13.7963321214907 56.6376142522656 3983
"194" 8 0.5 4.01420386077951 41.0533053156067 6189
"195" 8 0.5 6.8932912769156 36.0090253042021 9796
"196" 8 0.5 0.788359040733175 12.4098042414644 19974
"197" 8 0.5 12.1983024132511 64.7799495434738 2675
"198" 8 0.5 10.8157316133846 44.3694324635102 5173
"199" 8 0.5 1.28639062727198 31.8081983082435 10842
"200" 8 0.5 8.48465123180738 58.4723533504949 3371
"201" 10 0.5 6.71526998993938 27.6946235679934 7975
"202" 10 0.5 8.71230222263387 45.6804210256634 8981
"203" 10 0.5 1.9709365549631 25.5427153732766 19826
"204" 10 0.5 0.151519145103235 54.5070572891902 18934
"205" 10 0.5 5.47813204821779 39.5804664414625 5016
"206" 10 0.5 3.72776695347812 20.5733733242655 13502
"207" 10 0.5 1.65362261986732 22.0352764052553 16248
"208" 10 0.5 16.4271233016675 75.3099773928147 2536
"209" 10 0.5 4.58831494865046 45.5574508023721 13471
"210" 10 0.5 6.9914637452128 41.1013857033779 11273
"211" 10 0.5 5.51329346398912 65.6154131307355 4484
"212" 10 0.5 37.0893685156059 35.950838739309 2011
"213" 10 0.5 2.58647792439724 36.6325250907133 10283
"214" 10 0.5 1.04055516544469 81.9146352298755 4680
"215" 10 0.5 44.0637574738968 31.9082435635911 1444
"216" 10 0.5 6.41924009223178 38.261162605421 6135
"217" 10 0.5 16.7495639872209 42.021843200488 5742
"218" 10 0.5 25.2146415284798 41.9041136360583 2005
"219" 10 0.5 1.68523681242756 26.2244143246467 16585
"220" 10 0.5 8.59566248703903 42.9342865578514 7088
"221" 10 0.5 27.7049178595496 60.0123431733726 2239
"222" 10 0.5 33.6761921315844 31.4901066312563 2503
"223" 10 0.5 38.0320201849662 59.8093477791342 1681
"224" 10 0.5 0.035795928640131 55.6446984821936 19957
"225" 10 0.5 42.1935428426239 28.8088960401051 1524
"226" 10 0.5 7.17414318427913 25.4057538044911 9203
"227" 10 0.5 1.23751386789554 40.3238118148786 15012
"228" 10 0.5 2.96708899010748 43.2465443931545 13758
"229" 10 0.5 11.3103987756629 90.403990039462 2030
"230" 10 0.5 22.2171573086077 32.9538006690197 7165
"231" 10 0.5 16.4131459797153 41.5506541488647 3155
"232" 10 0.5 3.00983157178717 44.4329592707265 7510
"233" 10 0.5 3.88158014494557 54.1819887870918 19989
"234" 10 0.5 14.6123000676459 49.2904742580217 5245
"235" 10 0.5 7.74232132991644 30.1951412446792 8786
"236" 10 0.5 29.0208705626794 38.0005511045937 2007
"237" 10 0.5 31.3679121653829 70.905997755705 1181
"238" 10 0.5 31.6407947909858 39.0621081249032 2548
"239" 10 0.5 47.7648831544803 50.2900829549832 1130
"240" 10 0.5 15.6853577491586 44.3118587900376 5696
"241" 10 0.5 10.3517448395367 40.4714944280472 8906
"242" 10 0.5 2.34393663901425 35.6847998403434 7388
"243" 10 0.5 21.3865876604298 65.7841057902832 2442
"244" 10 0.5 29.5238047917823 68.4157376517725 1671
"245" 10 0.5 2.46129878667505 27.4128749704545 19547
"246" 10 0.5 6.92584026326624 18.3852566655594 7268
"247" 10 0.5 4.86479406499586 48.6350645792914 17491
"248" 10 0.5 31.6069123326733 57.1138505742236 1704
"249" 10 0.5 2.11726592172984 30.7769159900211 13631
"250" 10 0.5 0.0545900104585672 56.6348913267826 19964
"251" 2 0.6 34.0752328300969 17.0576430452878 2800
"252" 2 0.6 64.6128424741062 8.79582610837248 1097
"253" 2 0.6 1.9450246679374 13.1433437170863 10063
"254" 2 0.6 31.3734411996215 24.8429633635741 2954
"255" 2 0.6 20.5364973730813 15.054146300607 3589
"256" 2 0.6 1.01911655674607 19.4250688266669 11384
"257" 2 0.6 0.245575178768734 30.0070811575738 19978
"258" 2 0.6 13.3641927485164 21.0757251691423 5236
"259" 2 0.6 3.74174190993807 14.7653683411001 8823
"260" 2 0.6 1.30492176314883 37.0818299666906 19896
"261" 2 0.6 55.3061467267347 37.4338023482249 1009
"262" 2 0.6 0.12438379236286 15.8144901502786 19974
"263" 2 0.6 0.366711527552109 12.0226438787673 18480
"264" 2 0.6 20.4618373063315 27.7720900760422 3844
"265" 2 0.6 3.66436245898457 21.0444674035234 9452
"266" 2 0.6 36.8701742892591 54.9748996627043 1835
"267" 2 0.6 6.13769946600352 56.7602710216576 5846
"268" 2 0.6 11.2623095283632 25.603098067813 5268
"269" 2 0.6 2.79104736781836 52.9611112607861 13548
"270" 2 0.6 17.4443726198566 64.957015064286 3151
"271" 2 0.6 13.1282869666097 32.2104650435694 4531
"272" 2 0.6 14.5577703627848 54.3553425812124 3646
"273" 2 0.6 0.100302569826358 44.9547413520963 19932
"274" 2 0.6 0.847314456058112 14.8510180587352 17138
"275" 2 0.6 37.0952540065124 66.5533307464139 1207
"276" 2 0.6 44.4407644505897 48.8675954618542 1285
"277" 2 0.6 17.7394973167508 45.0697999762912 3730
"278" 2 0.6 49.4633840158903 30.0892578137684 1105
"279" 2 0.6 38.3814889554082 34.5057833743056 2190
"280" 2 0.6 39.416906328914 38.8824881116178 2020
"281" 2 0.6 1.38158115227184 26.8692616383708 19871
"282" 2 0.6 27.1161108040353 39.7336726005046 2932
"283" 2 0.6 3.48194510472655 51.6347343390321 19937
"284" 2 0.6 2.50586877807378 15.2365082275298 9999
"285" 2 0.6 0.217156123547088 16.8799974923083 19728
"286" 2 0.6 30.4859612125704 36.614542763164 2808
"287" 2 0.6 54.7239788717874 10.0831764326777 1541
"288" 2 0.6 54.2876638038061 28.3742602189831 1323
"289" 2 0.6 39.9040727113597 30.3932404281409 2347
"290" 2 0.6 7.62489017467635 43.0881461731066 6490
"291" 2 0.6 21.8364939022035 21.9681632384192 4619
"292" 2 0.6 10.8267380223613 27.7649556230842 5851
"293" 2 0.6 60.5262629196079 14.5640967799452 1037
"294" 2 0.6 10.6728139059351 21.8963666664691 5273
"295" 2 0.6 37.3286178490069 67.6735870904539 1370
"296" 2 0.6 4.77264127353944 26.6720589089577 10546
"297" 2 0.6 30.0822959985748 60.8031455764865 2312
"298" 2 0.6 2.75408540422808 32.6451162880917 11276
"299" 2 0.6 44.577280148889 22.3421106714307 1830
"300" 2 0.6 2.1545285106077 48.1413290191117 10465
"301" 4 0.6 16.3747424966693 77.6672810715616 2729
"302" 4 0.6 26.914612717323 79.4920627038293 2067
"303" 4 0.6 2.13658730113393 36.7515866288307 14460
"304" 4 0.6 35.6426449651142 29.0583280499044 2159
"305" 4 0.6 4.16180374289165 36.9353760269021 11039
"306" 4 0.6 52.2011226338267 17.388750556603 1630
"307" 4 0.6 3.1620491507165 17.3510084051264 9196
"308" 4 0.6 49.6312460275064 39.5699214601691 1168
"309" 4 0.6 1.95969790779709 58.6236321263501 11503
"310" 4 0.6 3.2894114110329 22.8869645861831 9039
"311" 4 0.6 0.562296256868155 17.2768983478138 19982
"312" 4 0.6 7.1504811891371 12.4543679493899 6297
"313" 4 0.6 22.1050303778132 52.5651589194099 2944
"314" 4 0.6 0.96606090426981 14.707486545922 19114
"315" 4 0.6 11.4935901359089 55.2565000302748 5142
"316" 4 0.6 5.16998530562749 60.8859780984488 9396
"317" 4 0.6 0.292929695458898 18.4044388817133 18748
"318" 4 0.6 1.60714381122415 31.2965449658001 10821
"319" 4 0.6 0.861230018229809 22.0866591434462 19973
"320" 4 0.6 0.210771541577417 18.7967651705494 19615
"321" 4 0.6 0.315905007305144 18.2197299979838 18508
"322" 4 0.6 21.8085854336265 92.5907125541038 2047
"323" 4 0.6 11.5574893015558 48.9362665363681 6020
"324" 4 0.6 9.76505723137291 47.1739252651576 9629
"325" 4 0.6 6.40668975117923 46.6811829263521 6304
"326" 4 0.6 13.9590369694192 28.0612487620587 4766
"327" 4 0.6 3.08732034046248 38.1056916102081 19521
"328" 4 0.6 8.40470068573933 16.0841858833431 5623
"329" 4 0.6 2.78049429304856 17.7985306377708 10279
"330" 4 0.6 12.7881937702585 58.1683022801689 5556
"331" 4 0.6 22.4817843690073 25.5493606595567 3210
"332" 4 0.6 0.74467233408149 6.13362811579583 11365
"333" 4 0.6 10.4916433887579 36.8979240445766 6147
"334" 4 0.6 35.6677934115491 73.7583511717993 1630
"335" 4 0.6 0.326413879670891 16.3681060980657 19975
"336" 4 0.6 4.21867249159578 28.3735772996765 7880
"337" 4 0.6 23.4612526058287 21.3154035213363 4189
"338" 4 0.6 41.3268162131164 66.2264877577474 1156
"339" 4 0.6 10.6253013222655 7.80201869717034 4916
"340" 4 0.6 1.86162104838884 23.5288557426106 11775
"341" 4 0.6 1.72784482876053 23.8639191051686 9933
"342" 4 0.6 16.0058353685181 24.4511303073474 4029
"343" 4 0.6 9.03461763109132 21.8992525911837 5895
"344" 4 0.6 1.2918394769507 13.166068948633 19976
"345" 4 0.6 16.0588037233218 6.53981623058238 4707
"346" 4 0.6 31.4685866594349 46.9650775697418 2145
"347" 4 0.6 1.87270825899704 37.919507434005 16327
"348" 4 0.6 37.8370899831113 44.1732469768373 1260
"349" 4 0.6 46.1712612683 22.3430724897887 1262
"350" 4 0.6 0.177118976648325 9.64689386184908 19982
"351" 6 0.6 17.4362531304328 49.0688563028952 3472
"352" 6 0.6 0.645669378482684 18.381491882642 18420
"353" 6 0.6 0.266433449321842 28.3232094649505 18922
"354" 6 0.6 32.0066554977955 84.921028243734 1214
"355" 6 0.6 20.3592119151007 28.7034774550459 3756
"356" 6 0.6 26.812651885004 58.8681369587791 1734
"357" 6 0.6 2.94363097093038 28.5249382477555 12175
"358" 6 0.6 0.507340900780513 34.5259905215739 17599
"359" 6 0.6 8.63306053889386 31.6104396641524 6050
"360" 6 0.6 0.513904732638919 10.151986530501 14897
"361" 6 0.6 29.3491842847427 33.4002104141801 2983
"362" 6 0.6 11.9394356680277 33.3044128729788 5761
"363" 6 0.6 13.3717793696561 39.571606725652 5425
"364" 6 0.6 48.1147844599867 23.1125214867687 1528
"365" 6 0.6 0.605591566542526 36.9022868655173 19843
"366" 6 0.6 0.355275376597801 37.3059997402868 19910
"367" 6 0.6 0.378543088314025 49.2379417409508 19639
"368" 6 0.6 0.937694977727887 16.6998004878639 13669
"369" 6 0.6 15.1688284948004 77.0250070592393 3519
"370" 6 0.6 12.454515881229 18.5886752971185 5034
"371" 6 0.6 0.518820327635986 55.4414329978593 19964
"372" 6 0.6 27.0154202241593 23.2340708301584 2942
"373" 6 0.6 11.520755744434 27.2801828983197 8274
"374" 6 0.6 21.4860997446586 24.6527988159968 4448
"375" 6 0.6 5.16009075169143 40.6986645755167 9778
"376" 6 0.6 0.872845805346456 10.5744223806357 12427
"377" 6 0.6 3.03839695946143 28.7733245806883 12050
"378" 6 0.6 43.0933576305923 38.5638970297432 1580
"379" 6 0.6 3.74036702487836 22.1221726049173 8194
"380" 6 0.6 0.825495715720817 46.4885671344475 11698
"381" 6 0.6 0.236706588324599 13.7253742610059 19987
"382" 6 0.6 42.9685728120432 41.1746813334534 1633
"383" 6 0.6 1.45455199076465 28.7966553167402 13938
"384" 6 0.6 0.0943737642165801 33.3823422707211 19955
"385" 6 0.6 6.69871123491333 30.1442516959628 7558
"386" 6 0.6 32.3121321465756 54.5982988937905 2298
"387" 6 0.6 7.34643113844181 17.0318547348714 8126
"388" 6 0.6 0.828592850680788 23.4611029118831 15274
"389" 6 0.6 18.9251338937416 24.9369406451659 4455
"390" 6 0.6 0.393953084883537 38.5283662996055 19986
"391" 6 0.6 17.8889950082032 32.3124804173063 4795
"392" 6 0.6 13.4994031350031 2.66989643884884 5443
"393" 6 0.6 1.4502680043627 37.1813315828668 15492
"394" 6 0.6 3.50707352588773 33.545119257871 7861
"395" 6 0.6 16.063258621322 30.8982661327207 3786
"396" 6 0.6 46.0368032022397 38.5832435191996 1461
"397" 6 0.6 3.92361680808359 22.8841603518645 7457
"398" 6 0.6 0.200504313842997 26.9158381109343 17352
"399" 6 0.6 3.62036360437071 45.0119770622139 7751
"400" 6 0.6 15.8531941089606 42.0767021410094 3016
"401" 8 0.6 46.8772651996349 43.4228230868489 1204
"402" 8 0.6 20.3109280843128 28.140983203973 3882
"403" 8 0.6 0.218792088921666 22.334802169038 19984
"404" 8 0.6 1.48726584972892 15.8319095986053 9959
"405" 8 0.6 15.289246768172 51.5339647402698 4574
"406" 8 0.6 1.36532082024495 44.5306650082596 11880
"407" 8 0.6 6.75361528230615 57.8147365956999 5683
"408" 8 0.6 24.0442993807744 29.8414570805915 3176
"409" 8 0.6 24.2252399071923 32.9458378529561 2737
"410" 8 0.6 18.6653385740721 49.6564368481725 4013
"411" 8 0.6 3.07201901307792 17.4518088908683 9620
"412" 8 0.6 21.6059844349249 53.344143928638 3211
"413" 8 0.6 0.274666135152724 22.605188765382 19983
"414" 8 0.6 1.17571625349048 23.3325538328431 14322
"415" 8 0.6 2.24408471892035 43.4410710759477 19638
"416" 8 0.6 3.56310784245471 11.2951595149172 7620
"417" 8 0.6 0.93892201806471 35.4670416225573 19987
"418" 8 0.6 0.696698301184407 68.3697349205106 19590
"419" 8 0.6 0.396395296418203 35.8264907799757 16390
"420" 8 0.6 0.865289880258684 19.0174968492945 17984
"421" 8 0.6 0.327761505316375 5.03077700715649 19965
"422" 8 0.6 0.529021959639081 10.6020051366081 19986
"423" 8 0.6 8.3021009011063 11.3752711815637 6505
"424" 8 0.6 0.359568819402822 16.1907675402385 17374
"425" 8 0.6 0.643460821878607 50.244428657867 11215
"426" 8 0.6 17.0922474578002 79.7313295072717 3740
"427" 8 0.6 3.76119626176974 26.5649754082459 12275
"428" 8 0.6 19.1093356390182 14.9678285776628 4088
"429" 8 0.6 0.906705927999062 19.6852000506108 19932
"430" 8 0.6 9.97721533034412 23.2669292924764 4951
"431" 8 0.6 3.62704898513377 4.20625280145516 9192
"432" 8 0.6 32.987571408682 69.6594166125244 1132
"433" 8 0.6 5.87324096506322 27.9915719111263 10112
"434" 8 0.6 32.6807292504231 59.4269467695731 2289
"435" 8 0.6 6.22731306708219 64.5881161221029 8419
"436" 8 0.6 6.15609529590203 18.536490918304 7520
"437" 8 0.6 1.55302915624841 31.9752637476642 19779
"438" 8 0.6 9.50125152102686 57.223738440829 5004
"439" 8 0.6 0.901091124078079 35.4654466721938 14233
"440" 8 0.6 29.0667175132811 64.5841772639043 2561
"441" 8 0.6 10.3620747960926 35.2809936510349 7430
"442" 8 0.6 15.0398850997643 52.3094771267985 4004
"443" 8 0.6 5.79949149617191 37.1134405659031 7463
"444" 8 0.6 0.766207634255696 16.7938102274702 11793
"445" 8 0.6 38.7549087626544 44.2001427779772 1766
"446" 8 0.6 1.3665756572967 46.8608112689577 12630
"447" 8 0.6 10.2724349111621 58.3679460218525 4862
"448" 8 0.6 14.1153724090824 42.8099781994758 5110
"449" 8 0.6 4.41501678756177 38.6988448019206 7670
"450" 8 0.6 0.959670391802594 13.9597924050584 19983
"451" 10 0.6 0.380816599482301 30.3184090316348 18300
"452" 10 0.6 7.29353936076414 34.7278220361654 7833
"453" 10 0.6 8.15902804028207 58.8295834644498 4502
"454" 10 0.6 0.382211077973716 9.20682815727148 19839
"455" 10 0.6 3.49723770041608 57.0524957680307 7188
"456" 10 0.6 9.52087160578191 55.2364086517365 5314
"457" 10 0.6 26.5401788382138 87.2037612238678 1064
"458" 10 0.6 16.0002018281028 9.5695440708943 4279
"459" 10 0.6 12.3701883368467 25.7826330351469 4474
"460" 10 0.6 0.977424402414459 6.66855572066992 11050
"461" 10 0.6 3.02989145568769 36.173194832343 19959
"462" 10 0.6 10.7940919708351 30.6300665080204 6215
"463" 10 0.6 21.0317088944407 10.6458029333437 3973
"464" 10 0.6 0.290239600362282 37.7747383202746 19967
"465" 10 0.6 41.5586210985002 54.8028472573168 1351
"466" 10 0.6 32.6938374064375 47.2932683087158 2009
"467" 10 0.6 30.0775396854261 51.7212810856304 2207
"468" 10 0.6 1.16235974708617 43.7646312099492 15796
"469" 10 0.6 25.560052576522 37.5374122934235 2855
"470" 10 0.6 0.445137939470445 13.4077031309908 19915
"471" 10 0.6 3.91010024751214 15.4156667353423 8447
"472" 10 0.6 0.592796875878229 25.9543236145288 19984
"473" 10 0.6 32.4815618541991 91.1508491318871 1141
"474" 10 0.6 2.62311642717571 16.4289943489442 9740
"475" 10 0.6 0.394506636333424 5.27398117346192 15658
"476" 10 0.6 1.11534999449272 44.7396239042816 16982
"477" 10 0.6 4.73113215516417 46.711752313665 9798
"478" 10 0.6 13.7391184270045 41.1320788388545 4261
"479" 10 0.6 0.339589893990882 29.6572467916794 16825
"480" 10 0.6 6.83248477058865 28.632395174272 7872
"481" 10 0.6 0.823431783273163 45.6825365376646 12378
"482" 10 0.6 2.1542514734288 19.9097849296582 12997
"483" 10 0.6 0.513571818557955 30.0708253330952 16777
"484" 10 0.6 0.986396562000459 33.700652407077 12817
"485" 10 0.6 1.14923100829166 17.6445337709692 14297
"486" 10 0.6 6.87870903306005 39.1277884864923 8735
"487" 10 0.6 3.67934041454535 28.3619888638924 8813
"488" 10 0.6 40.3002688863879 46.0745321554868 1120
"489" 10 0.6 11.321687888047 37.6460457916005 5128
"490" 10 0.6 1.08340694803921 29.4738845197328 16479
"491" 10 0.6 30.8978787488461 70.8873375800582 1405
"492" 10 0.6 6.04848205851876 12.7488570984908 7209
"493" 10 0.6 0.385510147321076 14.1433002008063 17111
"494" 10 0.6 5.6597417060417 17.6328498867623 7710
"495" 10 0.6 0.524130355807313 29.1528210024922 16490
"496" 10 0.6 1.50274090938936 46.6138342201533 12573
"497" 10 0.6 7.42242056111017 22.3290581315275 8608
"498" 10 0.6 9.48537843232147 30.6153940134993 5143
"499" 10 0.6 1.06754030766318 44.5420808588986 19238
"500" 10 0.6 0.681092128146399 6.30626655437546 16501
"501" 2 0.7 3.78346636380954 9.06692972508877 8539
"502" 2 0.7 45.9768234345394 55.3972692548732 1135
"503" 2 0.7 34.8780660034432 77.7960384559014 1565
"504" 2 0.7 37.9678108442775 62.8590306807069 1634
"505" 2 0.7 14.778516392325 49.0529779940114 4257
"506" 2 0.7 9.47677585643526 24.6429186835493 7321
"507" 2 0.7 4.4979341204239 43.1471282504928 9554
"508" 2 0.7 3.85207633472781 35.3117273541151 10108
"509" 2 0.7 32.0848565486593 36.2844127869212 2714
"510" 2 0.7 4.65685286775995 21.9361921517731 9436
"511" 2 0.7 0.14057450388848 36.2512244857275 17726
"512" 2 0.7 39.5729392224302 62.1818427715347 1556
"513" 2 0.7 1.346917439677 32.8104205161776 19230
"514" 2 0.7 12.9916919426013 35.42851792462 5171
"515" 2 0.7 11.9368359581921 13.2898884421583 5496
"516" 2 0.7 21.3976342564534 32.9375557434725 4043
"517" 2 0.7 8.60579651580559 44.9338979357689 5483
"518" 2 0.7 29.82500431547 11.1335078349609 3195
"519" 2 0.7 3.52727922367252 7.3008630036738 9162
"520" 2 0.7 2.07194928741276 20.3561509984207 10373
"521" 2 0.7 40.4914773992751 12.4039029579545 2328
"522" 2 0.7 36.2625912077549 83.5010419758387 1559
"523" 2 0.7 0.693284095049762 21.7913315479441 14322
"524" 2 0.7 1.68596713964285 20.3071419364655 19986
"525" 2 0.7 0.670206859506346 35.1398391978141 19038
"526" 2 0.7 0.332558291173871 22.3506389184436 18672
"527" 2 0.7 40.0812612972545 8.00655726850363 2011
"528" 2 0.7 26.3677326704647 63.0349734870772 2430
"529" 2 0.7 5.81281101997615 33.558367523211 7742
"530" 2 0.7 36.421577454256 62.95856752495 1717
"531" 2 0.7 2.64865076779256 72.2686160448987 8116
"532" 2 0.7 37.2272665108662 4.53759504861576 2644
"533" 2 0.7 50.2432681819751 44.5853877121041 1330
"534" 2 0.7 34.7762239380211 38.5444544364298 2508
"535" 2 0.7 40.4633982185384 35.322941204078 1490
"536" 2 0.7 38.5265816660689 23.577875304837 2250
"537" 2 0.7 10.8199609321351 13.0013557459838 5542
"538" 2 0.7 39.3414476847583 76.4162232748782 1256
"539" 2 0.7 1.17838260715953 29.7499426825753 19955
"540" 2 0.7 11.1421708735547 13.4658502275802 5345
"541" 2 0.7 46.5572918302227 13.5494081324147 1895
"542" 2 0.7 31.3928340095246 89.0916456490853 1900
"543" 2 0.7 14.1529304329486 21.8302086497285 4784
"544" 2 0.7 23.9035209384733 61.0628493573938 2690
"545" 2 0.7 32.2169641666382 102.766445878101 1546
"546" 2 0.7 10.3999047032615 64.7099377459817 5408
"547" 2 0.7 47.8194902563283 9.97647797764824 1665
"548" 2 0.7 32.7836381010512 77.4496369947475 1974
"549" 2 0.7 1.27635046903287 17.0550900984855 13975
"550" 2 0.7 13.9783303109285 44.3762279201942 4353
"551" 4 0.7 5.86615253606687 30.2370303861253 7427
"552" 4 0.7 35.6184712462932 84.4210161674723 1393
"553" 4 0.7 12.6858694326383 52.6240492383004 5891
"554" 4 0.7 32.9070866742458 2.7717873199172 3093
"555" 4 0.7 0.249870746310198 18.8380695804373 19989
"556" 4 0.7 4.03668434490383 32.8581846543449 9230
"557" 4 0.7 2.73726242592477 43.2585302692529 17541
"558" 4 0.7 48.3982545031023 24.897041941004 1739
"559" 4 0.7 32.8462068317268 50.8309374383682 2464
"560" 4 0.7 0.149735349205909 21.5292754525365 19967
"561" 4 0.7 4.00241160444469 31.9573770752935 11734
"562" 4 0.7 28.3327360339703 67.692906868605 2299
"563" 4 0.7 3.83727230712404 21.0361868636907 9219
"564" 4 0.7 36.5252978059077 74.8551007198781 1793
"565" 4 0.7 45.0358511567153 13.0584730239519 1401
"566" 4 0.7 2.66237848322695 29.5070786471068 9673
"567" 4 0.7 0.326499429110982 21.3367652009093 19985
"568" 4 0.7 16.2347264811023 30.6576223001914 4830
"569" 4 0.7 3.06769776429411 32.3124904125251 19980
"570" 4 0.7 2.64884375968626 76.1030842192809 11626
"571" 4 0.7 0.368457191405885 22.1594464327143 16706
"572" 4 0.7 11.2941084996242 10.1390547490207 5378
"573" 4 0.7 6.45832626934975 65.523971467578 5741
"574" 4 0.7 10.1144696678152 25.5209899601262 6618
"575" 4 0.7 24.3329120594075 59.295037596375 3123
"576" 4 0.7 30.5678257508335 118.60181795651 1488
"577" 4 0.7 0.356154229299855 1.23265691669392 17629
"578" 4 0.7 30.1849350007961 31.6064509743069 2924
"579" 4 0.7 24.3110491082247 63.2962763727667 3277
"580" 4 0.7 24.1534328246197 55.2105263481235 3221
"581" 4 0.7 6.56495078372274 39.4245433959041 6795
"582" 4 0.7 0.556936015828008 23.5546089959565 17299
"583" 4 0.7 6.34333622011755 36.4352247459634 6512
"584" 4 0.7 0.453735631608536 21.0717129760034 18327
"585" 4 0.7 15.219405497651 50.6667239155835 4412
"586" 4 0.7 57.1665449532704 5.25688015449783 1403
"587" 4 0.7 21.4771133333767 36.0657665568681 3120
"588" 4 0.7 3.3438474101898 38.5602548207864 9287
"589" 4 0.7 19.6286436843532 17.1111840384692 4136
"590" 4 0.7 33.4862664403823 11.3168302973017 2549
"591" 4 0.7 22.4944622573429 108.758406687334 2355
"592" 4 0.7 4.13579117702093 21.9802185940483 8248
"593" 4 0.7 49.9536376060908 4.77776148963426 1669
"594" 4 0.7 0.495924864080635 25.1411122109344 18325
"595" 4 0.7 36.7043294324698 79.0096351247147 1225
"596" 4 0.7 29.5089680570481 69.5817862524942 2086
"597" 4 0.7 30.5862202959063 30.7595739254046 3060
"598" 4 0.7 1.69121350160149 40.4551516796301 13868
"599" 4 0.7 19.879513586109 54.738895449991 3962
"600" 4 0.7 4.30809595959762 43.4118148633421 8282
"601" 6 0.7 1.65590345199495 41.5073234911219 15063
"602" 6 0.7 2.65007056001323 17.3754896996047 10620
"603" 6 0.7 2.81625445916809 60.08258352961 14779
"604" 6 0.7 40.8533746942822 75.2685338110563 1157
"605" 6 0.7 21.1402794760986 25.2444993329137 3812
"606" 6 0.7 0.212456955387228 36.5597711324826 19705
"607" 6 0.7 2.39405192096852 6.15797643787717 10252
"608" 6 0.7 20.6894652859191 59.2213227389926 3563
"609" 6 0.7 15.629396069211 81.341830298133 4496
"610" 6 0.7 37.9682314218206 63.5298058466892 1633
"611" 6 0.7 1.02369910292067 32.781442747547 15746
"612" 6 0.7 2.99590623334202 44.0051010820413 9577
"613" 6 0.7 1.4790969669559 21.2614173224774 10897
"614" 6 0.7 32.117603194099 48.7520021519018 2416
"615" 6 0.7 3.29980039784726 35.0333988948085 9822
"616" 6 0.7 25.021766505234 60.0052142785439 3257
"617" 6 0.7 8.41304565043655 12.8870074192677 5448
"618" 6 0.7 43.2224714176647 69.8629349537649 1006
"619" 6 0.7 17.0401832108167 32.0270344302599 4328
"620" 6 0.7 16.0929440168754 50.3157905034909 3832
"621" 6 0.7 0.190873016755028 50.8517978634482 19917
"622" 6 0.7 0.670996511154521 7.86339572051242 12078
"623" 6 0.7 4.51583936227947 56.8563654125722 12493
"624" 6 0.7 1.45856301680733 49.2975717001196 14755
"625" 6 0.7 0.648882354316039 23.3858682259806 19953
"626" 6 0.7 50.6020983857523 46.3334158717986 1099
"627" 6 0.7 53.8173038485685 13.315108773531 1674
"628" 6 0.7 4.90165555120296 6.21879140190448 7668
"629" 6 0.7 1.42952095930785 33.8154044301587 12260
"630" 6 0.7 0.679487272265277 16.7828177519894 18805
"631" 6 0.7 4.02088712053723 70.5014976861993 9548
"632" 6 0.7 36.9583351052093 79.2243776104766 1620
"633" 6 0.7 22.3330917066678 31.9475187692867 2698
"634" 6 0.7 1.76640810270614 35.5290151475997 10277
"635" 6 0.7 17.3579032799878 7.5320808945745 4540
"636" 6 0.7 0.314804362830105 24.5542870148008 19981
"637" 6 0.7 41.9555801223573 53.4901146325128 1318
"638" 6 0.7 47.4629691546688 12.8396107798394 1677
"639" 6 0.7 0.63106078980409 30.2442193964226 19615
"640" 6 0.7 52.7556229166425 37.5680523752822 1312
"641" 6 0.7 29.3807998850292 46.8598716836736 2772
"642" 6 0.7 0.761299818947763 15.0815876503477 18967
"643" 6 0.7 0.322758834413358 13.0603882549083 19813
"644" 6 0.7 2.13012367999355 39.3796894508346 13594
"645" 6 0.7 20.0786822488847 79.0663574202598 4012
"646" 6 0.7 44.1265647076156 38.172449978381 1694
"647" 6 0.7 42.9394653311513 72.2423778838595 1010
"648" 6 0.7 2.10527916870739 44.4003913833955 10407
"649" 6 0.7 1.54673332042041 23.4882619598558 14160
"650" 6 0.7 31.1546846051016 110.929263057451 1156
"651" 8 0.7 11.1873749441495 75.9143364106008 6804
"652" 8 0.7 0.912110311701309 41.0733192014529 19534
"653" 8 0.7 28.322782230441 53.9213845630208 2500
"654" 8 0.7 13.0113966186821 105.468113376997 3825
"655" 8 0.7 6.61671849941906 3.72030365895172 7886
"656" 8 0.7 32.3615993116673 60.4709138950265 2495
"657" 8 0.7 0.71397942992306 18.3731028752055 16223
"658" 8 0.7 41.5785941582572 31.9061887507212 2188
"659" 8 0.7 0.560181860611192 18.4096919657358 19951
"660" 8 0.7 32.1791540229326 89.0184631209663 1904
"661" 8 0.7 2.32049644663852 32.9384641213563 19971
"662" 8 0.7 13.1148498184222 92.6850990777533 4900
"663" 8 0.7 0.736062249206499 56.3985070622456 12743
"664" 8 0.7 1.1053555416531 31.0275821444226 15635
"665" 8 0.7 0.352475160271625 48.048639585691 19985
"666" 8 0.7 0.220148965533702 11.5592653694633 19986
"667" 8 0.7 2.15044802849296 11.4461732135274 10683
"668" 8 0.7 0.641405980466145 23.8198143462011 13526
"669" 8 0.7 35.87737099481 61.6757814871952 2018
"670" 8 0.7 0.702242350337566 27.4021509633268 19915
"671" 8 0.7 10.2543392010181 41.5391700633009 5674
"672" 8 0.7 7.25566299289328 22.407956435053 6290
"673" 8 0.7 31.1526845176457 90.3110996211256 1743
"674" 8 0.7 3.62960886814916 22.3953867492024 8627
"675" 8 0.7 7.30438382880919 38.5467902674775 6525
"676" 8 0.7 52.3679825896414 10.4217683466467 1581
"677" 8 0.7 0.22006179495408 5.68647093701709 19946
"678" 8 0.7 33.0846564620132 40.6230449110597 2441
"679" 8 0.7 35.5846284376488 4.53985001843302 3001
"680" 8 0.7 0.199169362242475 15.2613288155808 19984
"681" 8 0.7 40.1654968175032 77.3721981330412 1125
"682" 8 0.7 0.324174709287072 11.1099941788392 19942
"683" 8 0.7 2.70719268063496 53.8365626706411 13922
"684" 8 0.7 24.5750053943262 80.3491000143853 2443
"685" 8 0.7 0.782117126470757 30.3154677185964 19972
"686" 8 0.7 16.6215882661085 58.5167797523181 4134
"687" 8 0.7 4.71045652456847 12.9242253128766 7449
"688" 8 0.7 32.3823151597302 73.0539696283018 2091
"689" 8 0.7 2.35788012393841 28.5033277448968 10147
"690" 8 0.7 7.87860547634419 82.7009123851335 7219
"691" 8 0.7 0.551029900688438 49.0494736880576 19965
"692" 8 0.7 0.959688188013555 34.0080879413133 19975
"693" 8 0.7 1.39259517971621 22.5890059896764 11694
"694" 8 0.7 29.6684920367513 46.7487803130634 2787
"695" 8 0.7 0.562480040010556 26.3539272602019 19989
"696" 8 0.7 56.8113182866129 4.22654873993628 1616
"697" 8 0.7 20.4670396548535 48.5153986212117 3707
"698" 8 0.7 1.9654695869448 31.0436342606511 12659
"699" 8 0.7 13.7201004932296 17.6533921660758 5542
"700" 8 0.7 5.95956263371186 34.4763656797963 7442
"701" 10 0.7 46.4357363538558 48.5911591616072 1378
"702" 10 0.7 28.734253652114 96.3515724947652 1940
"703" 10 0.7 5.28065933232804 39.5089072434157 7748
"704" 10 0.7 0.667562952251926 7.0269072301127 13998
"705" 10 0.7 0.936334173448817 24.0662065909901 15650
"706" 10 0.7 3.11511752579153 65.3783447673416 13930
"707" 10 0.7 0.555583273229668 31.5490066276127 19097
"708" 10 0.7 4.89869498681784 29.7871165562367 7586
"709" 10 0.7 0.356433955760043 35.4378472285547 19974
"710" 10 0.7 14.282934265096 46.541767180655 4700
"711" 10 0.7 8.36011208118674 70.479724644327 6442
"712" 10 0.7 0.350910803496297 16.7654143670002 19655
"713" 10 0.7 0.392768958107183 12.7763175369537 17034
"714" 10 0.7 0.44506854188025 27.4715728711468 19988
"715" 10 0.7 31.7870934991055 49.9126205959204 2681
"716" 10 0.7 18.2089200308318 29.667836605642 3806
"717" 10 0.7 0.58095206891115 2.63432434296557 19984
"718" 10 0.7 0.488334962030532 30.3394383080518 19407
"719" 10 0.7 32.2691324009523 10.3632255955287 3173
"720" 10 0.7 14.6888975747311 30.9909404983275 4804
"721" 10 0.7 2.2200132275713 44.3818101338163 11664
"722" 10 0.7 4.89358791179042 32.8641593061241 7485
"723" 10 0.7 49.7919942849903 16.0613031865295 1904
"724" 10 0.7 0.725786604000743 56.2954227270439 13247
"725" 10 0.7 50.0937223156548 46.5542370083598 1072
"726" 10 0.7 3.58257142825682 20.1854626079356 8866
"727" 10 0.7 2.26832303715318 12.6877889773006 18766
"728" 10 0.7 0.363323126085121 21.9901973548426 19973
"729" 10 0.7 6.3253288031312 43.9710291122934 7095
"730" 10 0.7 0.783910366428276 37.2467949035923 19930
"731" 10 0.7 32.48369390595 85.9411827532387 1631
"732" 10 0.7 0.490410089200919 25.4585468938513 19100
"733" 10 0.7 27.2492154029886 5.33984032526603 3649
"734" 10 0.7 0.887300117284445 78.1248722292016 19937
"735" 10 0.7 8.80879216717164 35.7077489494041 6242
"736" 10 0.7 1.23470404460455 24.3591193872121 14341
"737" 10 0.7 39.349108632946 63.2858523480604 1690
"738" 10 0.7 0.469931148525689 19.97976817879 19982
"739" 10 0.7 1.27202141478147 29.7550475066393 19980
"740" 10 0.7 51.0945279177147 41.1216710146016 1284
"741" 10 0.7 2.72468256720716 31.4329706244893 9959
"742" 10 0.7 1.60595404073924 36.048922542983 13120
"743" 10 0.7 7.22099672527403 43.7738780757726 6225
"744" 10 0.7 5.76529568986655 51.2462255288439 6700
"745" 10 0.7 0.554393901487208 16.6490489812654 14073
"746" 10 0.7 0.324409812464265 14.2584345139754 19972
"747" 10 0.7 1.24076934514655 40.9886547636565 19796
"748" 10 0.7 0.56659455593754 20.5026486270511 16680
"749" 10 0.7 2.77289290153701 48.0858317974712 11341
"750" 10 0.7 0.460614187410495 15.85427368655 19943
"751" 2 0.8 4.50527237926073 11.6995778065495 8031
"752" 2 0.8 1.61428242510659 12.5067302621047 12461
"753" 2 0.8 3.83040258449644 28.1425340122589 9726
"754" 2 0.8 35.4784087778375 59.5879486514536 2124
"755" 2 0.8 42.6942030029878 59.7688620787957 1579
"756" 2 0.8 0.203168112645463 5.75355218836708 19595
"757" 2 0.8 2.19794557561291 31.5524854375912 12288
"758" 2 0.8 52.4498845796041 19.1957845840863 1548
"759" 2 0.8 47.2675000745096 2.09335859431023 1784
"760" 2 0.8 50.8951235082193 38.9461754374086 1135
"761" 2 0.8 11.0093266857394 43.9195851882881 5864
"762" 2 0.8 53.4623222212227 33.5828765301907 1052
"763" 2 0.8 15.539954762628 10.1972382150543 4816
"764" 2 0.8 39.6388929715058 1.78499928035022 2300
"765" 2 0.8 0.270032238353235 4.8382824860427 19849
"766" 2 0.8 48.9441503842868 14.4646676460503 1411
"767" 2 0.8 8.16435049465634 1.92673368992478 6809
"768" 2 0.8 18.2673913057214 14.863228197931 4315
"769" 2 0.8 56.4059260324007 5.38937391298797 1107
"770" 2 0.8 14.7794921325198 1.51758286378986 4832
"771" 2 0.8 29.800830336282 15.9092487820842 3144
"772" 2 0.8 0.951218573083798 20.5520417725018 15429
"773" 2 0.8 0.530782676513204 6.50713204406648 15980
"774" 2 0.8 0.326875744690083 7.70158122894987 18454
"775" 2 0.8 1.03230461072357 7.5498472464008 12464
"776" 2 0.8 11.6481600273949 8.41887973317132 5525
"777" 2 0.8 32.9931748049199 101.422977547837 1835
"778" 2 0.8 16.2701923457055 6.77169934281917 4400
"779" 2 0.8 0.293147887545072 6.6422508229501 19881
"780" 2 0.8 30.0099242221578 37.326516554794 3097
"781" 2 0.8 21.2665349145428 23.1703667458326 3657
"782" 2 0.8 18.0889677735455 15.8956436482002 4430
"783" 2 0.8 26.1084358877511 5.5406753338145 3670
"784" 2 0.8 41.116052322716 3.8448845425139 2320
"785" 2 0.8 4.44473192858871 3.46390300177502 8460
"786" 2 0.8 24.9805797821725 24.5179963821062 3497
"787" 2 0.8 19.5568283234702 70.4460634432268 3857
"788" 2 0.8 0.61677063312396 3.62308796059182 15054
"789" 2 0.8 0.84787993964268 12.678825298283 14976
"790" 2 0.8 0.390966422866323 5.18350452867103 19355
"791" 2 0.8 7.55780147741834 9.5618615977687 7075
"792" 2 0.8 1.03981213510863 6.80046903371739 14131
"793" 2 0.8 6.13329878341091 1.93625653819042 6829
"794" 2 0.8 0.487633740070991 1.55446141021004 19335
"795" 2 0.8 0.975554582089294 10.6359706523679 13751
"796" 2 0.8 10.9829365714553 16.5784510614945 5248
"797" 2 0.8 33.7424327072416 56.319067012927 2564
"798" 2 0.8 48.257857599053 21.6219823476482 1611
"799" 2 0.8 6.00219591364312 4.14157542838179 7944
"800" 2 0.8 21.1162313109265 5.03365621378227 3744
"801" 4 0.8 3.56616559898461 32.2865041283876 9580
"802" 4 0.8 19.1191709903303 14.2257263922544 4547
"803" 4 0.8 4.94842967597464 42.4306279885649 8248
"804" 4 0.8 0.182340134454878 8.09353711094193 19983
"805" 4 0.8 1.37626821809943 10.5819254855289 12787
"806" 4 0.8 1.20864280651985 87.6578241814293 14673
"807" 4 0.8 1.5166392056629 2.40263477216396 12249
"808" 4 0.8 0.350473047451772 6.12036147786781 18839
"809" 4 0.8 47.8220404872619 53.4351533490873 1291
"810" 4 0.8 39.2269985488678 18.3978652238143 2496
"811" 4 0.8 0.361956452918067 9.04330945311932 19985
"812" 4 0.8 0.232972427166051 21.5082035979172 19867
"813" 4 0.8 45.858471677825 3.98255446292634 1992
"814" 4 0.8 1.68623329288706 29.2348551076297 14708
"815" 4 0.8 5.97201725595251 24.4643419247127 10807
"816" 4 0.8 28.8083726366008 53.5775190552114 3049
"817" 4 0.8 3.87051338054102 28.133989633752 9647
"818" 4 0.8 6.952239693734 4.79896118717521 7328
"819" 4 0.8 4.61041286246569 6.4985067906184 8452
"820" 4 0.8 0.782752919355843 30.7703278278378 19004
"821" 4 0.8 28.120818261589 43.2598643065942 3210
"822" 4 0.8 0.644947039101376 11.4037938710373 14772
"823" 4 0.8 0.325887482317829 9.87229835899076 19985
"824" 4 0.8 1.45591240904291 62.7488970889862 12340
"825" 4 0.8 45.1107404840576 62.6167288950199 1263
"826" 4 0.8 37.5363008878202 45.5442325474991 2361
"827" 4 0.8 31.8965960450409 26.3319065893041 2220
"828" 4 0.8 0.347085605106624 15.2550507030363 19462
"829" 4 0.8 7.6585719410545 62.0896527501887 6504
"830" 4 0.8 0.678044513406125 4.16085672455125 14786
"831" 4 0.8 0.230625792937609 9.21044119150988 19964
"832" 4 0.8 37.3898194433721 36.5921185062909 2304
"833" 4 0.8 9.47124772152034 13.1288205811456 5974
"834" 4 0.8 0.847939898196404 32.6360929952307 19857
"835" 4 0.8 0.619861298591615 17.0108827239414 18807
"836" 4 0.8 38.5076378146903 47.676751491435 2036
"837" 4 0.8 0.239218526333866 11.3957264836099 19987
"838" 4 0.8 33.8139062698583 135.452576461491 1283
"839" 4 0.8 7.63045990289049 61.2176223131858 6986
"840" 4 0.8 4.68728998867203 3.45955624970351 8449
"841" 4 0.8 1.01854230496013 4.74351853215703 14015
"842" 4 0.8 1.43721026271074 28.9087757489967 13932
"843" 4 0.8 6.83942017627208 8.23529068712553 6897
"844" 4 0.8 0.37895317612632 5.05133150857915 16706
"845" 4 0.8 13.5596959670285 18.4174516010756 4817
"846" 4 0.8 27.8088137192167 16.2488860701372 3125
"847" 4 0.8 0.486081631782088 22.4647771331793 19973
"848" 4 0.8 49.958297799452 35.7262080156855 1371
"849" 4 0.8 0.27035503182697 20.2593217450246 19922
"850" 4 0.8 1.19301734817022 11.1663428748885 12569
"851" 6 0.8 37.5201170566176 101.53313301523 1150
"852" 6 0.8 9.44745619004674 10.8323480755312 6286
"853" 6 0.8 1.86354121369356 15.1505082513677 10975
"854" 6 0.8 2.50713876100818 63.6018085490486 9566
"855" 6 0.8 4.47097926588252 3.63923628325521 8383
"856" 6 0.8 9.13864932357828 60.3742844058841 7132
"857" 6 0.8 54.6303488683929 23.0163262207338 1044
"858" 6 0.8 2.7504878666985 14.8677577868568 9445
"859" 6 0.8 0.4894783474905 21.7381648798893 18536
"860" 6 0.8 1.23688112359107 45.8913350853531 19650
"861" 6 0.8 47.78670306146 55.7822667705233 1265
"862" 6 0.8 1.72127079160581 2.37602991327613 13052
"863" 6 0.8 7.00883790800633 52.2966625247889 7153
"864" 6 0.8 1.37229221763813 10.6710310804789 12879
"865" 6 0.8 2.09351221622526 3.80044902638906 11386
"866" 6 0.8 1.17375063800278 9.62656824503842 13326
"867" 6 0.8 2.84539939381597 3.03483954858543 10039
"868" 6 0.8 1.26310878972559 22.4644295291508 13979
"869" 6 0.8 7.8482606998039 2.05664661740316 6910
"870" 6 0.8 0.282943403136957 6.47195872402191 19988
"871" 6 0.8 9.14956086278921 4.83154168250203 6233
"872" 6 0.8 0.403924200735946 91.9426261342557 19970
"873" 6 0.8 4.5060553790218 23.7901454624597 8363
"874" 6 0.8 1.0169827384294 39.8039688587301 18724
"875" 6 0.8 0.37150833856349 11.2077383503153 17725
"876" 6 0.8 0.641786809517607 9.04999127837475 15516
"877" 6 0.8 33.9139950654413 55.5355572738487 2392
"878" 6 0.8 1.71614626614479 4.88769106227509 11327
"879" 6 0.8 32.1587978711373 67.5224971744673 2416
"880" 6 0.8 16.0780812100181 41.5847578419437 4892
"881" 6 0.8 21.2952450056734 15.6981413987614 3702
"882" 6 0.8 55.7708399502746 2.0769594853544 1352
"883" 6 0.8 0.205357933610282 14.8254463673755 19980
"884" 6 0.8 27.4606875100305 73.3777556969362 2485
"885" 6 0.8 1.5696530412994 17.8201188861379 19866
"886" 6 0.8 6.64626857457222 3.32189459909614 7129
"887" 6 0.8 0.260581728610467 4.83101414420408 19948
"888" 6 0.8 15.4311898989792 10.0512098793667 4538
"889" 6 0.8 48.6569079221934 14.2275063627414 1379
"890" 6 0.8 17.4155620932692 20.2268266959993 4374
"891" 6 0.8 2.24183082916442 15.9410841241138 10498
"892" 6 0.8 0.618618431491054 22.4390126719304 19911
"893" 6 0.8 0.357301360047602 4.37247628470467 19968
"894" 6 0.8 0.635110088143381 3.94011488525463 15385
"895" 6 0.8 1.59323075648295 27.9427795673706 14383
"896" 6 0.8 0.272897297766333 71.152954991126 19987
"897" 6 0.8 55.7471812146092 7.29888294195298 1067
"898" 6 0.8 0.156570899142961 8.39835249683498 19956
"899" 6 0.8 6.18061654878815 14.3334023739801 7695
"900" 6 0.8 0.720823666769815 49.1528308230032 19924
"901" 8 0.8 52.2793228602704 35.2126380152644 1143
"902" 8 0.8 8.25264323656734 29.1182705479896 7963
"903" 8 0.8 21.308122909041 59.388742270465 3884
"904" 8 0.8 0.236819919404827 5.6365122334483 19489
"905" 8 0.8 1.67964849437303 38.069901930847 16905
"906" 8 0.8 11.1871943637712 58.3343322893968 6125
"907" 8 0.8 35.0952142314404 2.72942790188074 2978
"908" 8 0.8 1.6447544328592 12.6094303188066 10900
"909" 8 0.8 20.4801554859814 3.95305708495109 4106
"910" 8 0.8 0.155941380162524 9.0940194259546 19931
"911" 8 0.8 0.689347417294356 3.30022058079877 17939
"912" 8 0.8 36.7292590043213 36.9157708331592 2159
"913" 8 0.8 1.87539030197067 34.3706590173852 11890
"914" 8 0.8 6.87015088384591 8.54716996377404 6973
"915" 8 0.8 41.1334860445813 4.15922459317148 2354
"916" 8 0.8 0.48802402174545 3.83586456864105 19783
"917" 8 0.8 0.322996665877922 2.74031989779649 19901
"918" 8 0.8 0.509486834368769 12.9770819336276 19921
"919" 8 0.8 1.35927725794386 48.2505689978148 17634
"920" 8 0.8 7.32374570973502 7.21198237369631 7083
"921" 8 0.8 2.75058988469022 14.1060391561127 10086
"922" 8 0.8 1.11717830889353 4.87725669171011 12183
"923" 8 0.8 0.661583677680969 15.4714515605045 15552
"924" 8 0.8 1.36902722435896 24.7100880718479 19568
"925" 8 0.8 43.5438159000676 51.9806916208878 1516
"926" 8 0.8 0.261324841967924 9.38558503507718 19985
"927" 8 0.8 0.692624322043631 9.03821204319955 15027
"928" 8 0.8 0.354518182683479 0.907331049640918 19986
"929" 8 0.8 1.67330071682573 19.5004075450953 13022
"930" 8 0.8 0.495268050889382 20.9248728120605 19794
"931" 8 0.8 0.220145824518439 5.52238000234708 19941
"932" 8 0.8 0.834168788316792 5.56462032707874 15512
"933" 8 0.8 41.7551191847908 2.90582002122882 2671
"934" 8 0.8 11.4471701128453 11.4321244227822 5490
"935" 8 0.8 2.444729527288 12.7836500791443 10047
"936" 8 0.8 0.311755737446782 11.2172598222033 19920
"937" 8 0.8 6.40525785931321 7.80780575818277 7624
"938" 8 0.8 0.335934625015097 5.33227870426654 19973
"939" 8 0.8 28.4150235583058 13.9822177778371 2754
"940" 8 0.8 0.297970425949244 4.91662691435688 19979
"941" 8 0.8 1.21899424183119 7.30133733223345 13271
"942" 8 0.8 0.244502022953208 11.5075716841943 19987
"943" 8 0.8 0.762694958730638 6.40538561195847 14023
"944" 8 0.8 8.5088039777664 68.4015906049603 6028
"945" 8 0.8 40.6293165225755 50.0167829704718 1894
"946" 8 0.8 0.352074253779506 0.650446305301638 18853
"947" 8 0.8 0.29351619606057 8.71254541567786 19670
"948" 8 0.8 0.247923490655572 13.1327472852955 19420
"949" 8 0.8 0.752476978581934 2.16831202710731 19976
"950" 8 0.8 14.7583018058081 53.4628207907586 4705
"951" 10 0.8 0.463530104048535 11.0620598922241 17311
"952" 10 0.8 7.94736024322272 3.70527366738907 6802
"953" 10 0.8 1.11644853249614 64.8418558850209 12741
"954" 10 0.8 0.209472997184391 28.9618449551196 19989
"955" 10 0.8 0.442908869871818 2.54927670037201 19846
"956" 10 0.8 0.446993293164774 26.7409668220282 19953
"957" 10 0.8 0.535939605568165 6.34652681929389 18281
"958" 10 0.8 46.1520653247598 3.30513245041742 1334
"959" 10 0.8 0.297123237007092 12.1273405375917 19943
"960" 10 0.8 1.80644985494798 51.6518583174614 19783
"961" 10 0.8 0.19865607888849 9.27662767274875 19952
"962" 10 0.8 3.63797727021629 23.9169064081231 9391
"963" 10 0.8 41.9428799665825 3.7326357309897 2370
"964" 10 0.8 0.568680501208246 33.6364914262307 19917
"965" 10 0.8 0.665683638303266 25.6186570441318 19910
"966" 10 0.8 0.224229110378954 4.29402593909733 19989
"967" 10 0.8 0.764809934690396 13.0411105917047 13642
"968" 10 0.8 2.08925885640811 17.0479034888056 10609
"969" 10 0.8 1.53026069888927 46.0605909600118 19976
"970" 10 0.8 5.9561455475386 6.20133265119284 7804
"971" 10 0.8 0.776561998151436 9.36455929151671 12763
"972" 10 0.8 2.32315156550319 8.91558401186402 10041
"973" 10 0.8 3.86359584885097 11.9358842973143 8994
"974" 10 0.8 0.506486837024776 15.7455203987845 19033
"975" 10 0.8 48.7250313179246 12.6127890965085 1748
"976" 10 0.8 20.7804911532803 41.6233911697208 4376
"977" 10 0.8 0.629315359174839 8.29111929301681 14855
"978" 10 0.8 0.179841228598422 5.73951657907654 19447
"979" 10 0.8 2.46141726729724 21.4725585247916 10078
"980" 10 0.8 0.269622727812951 15.6595023932746 19752
"981" 10 0.8 0.243849806548005 31.0278920738787 18623
"982" 10 0.8 0.446321735276623 9.40036448435425 19487
"983" 10 0.8 10.5310411570945 15.6228471647858 5863
"984" 10 0.8 0.289243085518651 2.85639392952197 19965
"985" 10 0.8 36.651197687467 15.5614940401898 2686
"986" 10 0.8 17.6407322976031 2.35608684215815 4405
"987" 10 0.8 42.9139142592052 5.29617039108544 2136
"988" 10 0.8 3.16476839010053 4.50982832818623 9087
"989" 10 0.8 0.336655680643726 7.89728138272139 19975
"990" 10 0.8 0.766097206845113 12.1453416624346 15135
"991" 10 0.8 0.288969331604009 9.31626171249517 19759
"992" 10 0.8 0.861536921717394 12.1838833852548 13713
"993" 10 0.8 7.44785668685756 53.8066926730937 6964
"994" 10 0.8 38.7434184909392 49.5851600210805 1984
"995" 10 0.8 0.210292610364478 8.26035010174965 19864
"996" 10 0.8 0.151273004472086 11.5969671249718 19976
"997" 10 0.8 0.857802503859214 6.34836829882274 13096
"998" 10 0.8 6.69294029268013 2.24362268887706 8012
"999" 10 0.8 4.79837929805264 4.29975048797365 8132
"1000" 10 0.8 5.54970233887321 23.1404087209488 6843
"1001" 2 0.9 41.3931343345838 3.98226657029674 2075
"1002" 2 0.9 6.29085861287286 0.494897896478588 7320
"1003" 2 0.9 34.7763929972509 0.457876601839132 2928
"1004" 2 0.9 0.724866385052157 78.9993822319805 19086
"1005" 2 0.9 8.45055747207612 1.52958763211456 6802
"1006" 2 0.9 18.5612642938209 112.811830559918 4405
"1007" 2 0.9 12.8505521464908 1.03927421618388 5655
"1008" 2 0.9 2.37913092600209 7.99674870428037 10872
"1009" 2 0.9 16.4458146897274 107.440515921362 4873
"1010" 2 0.9 2.89925843639101 31.8600070289243 9897
"1011" 2 0.9 23.4837557048173 6.64079877085783 3894
"1012" 2 0.9 2.71583388504236 28.3225046897167 10378
"1013" 2 0.9 28.0280305810029 9.9243419966282 3323
"1014" 2 0.9 6.05830161002306 0.700927742615367 7545
"1015" 2 0.9 0.594206740944971 1.05036326658061 17981
"1016" 2 0.9 7.63107466432985 87.5291390520799 6888
"1017" 2 0.9 0.401261769690954 3.72135849881027 19879
"1018" 2 0.9 0.303506995697918 2.8247426071728 19987
"1019" 2 0.9 42.3946356707137 152.363386249449 1432
"1020" 2 0.9 15.689459559212 3.70848536044693 4979
"1021" 2 0.9 25.0695086473166 8.22634806980684 3636
"1022" 2 0.9 49.8187859556948 8.24048582941539 1313
"1023" 2 0.9 42.5912168742717 127.947007454351 1443
"1024" 2 0.9 0.71027921964177 2.98663162366926 16895
"1025" 2 0.9 39.6754050502499 3.73595359687932 2222
"1026" 2 0.9 6.36339573357574 17.572578214375 7881
"1027" 2 0.9 22.0373470445987 46.4889008888173 3910
"1028" 2 0.9 0.590460549868402 10.623217720509 15388
"1029" 2 0.9 6.75509308938795 4.70167702978836 7354
"1030" 2 0.9 3.41125250947062 3.37131566027244 9609
"1031" 2 0.9 34.3017954354301 115.296295308025 2283
"1032" 2 0.9 5.5096029365247 33.6126005529702 7584
"1033" 2 0.9 0.76088606636435 2.25282540046452 15018
"1034" 2 0.9 54.8625672243457 1.15360939408119 1021
"1035" 2 0.9 50.3637908726132 4.82462387807923 1197
"1036" 2 0.9 17.4191008940412 0.790123547897853 4600
"1037" 2 0.9 15.787275321509 3.21596334793183 5027
"1038" 2 0.9 44.8025046056564 35.9441710807335 1854
"1039" 2 0.9 23.3087057633581 4.33628612393194 3755
"1040" 2 0.9 1.14970713846202 7.18313509792248 14293
"1041" 2 0.9 0.344032409253788 9.1287947894229 19986
"1042" 2 0.9 35.8270634444666 35.0732272344756 2531
"1043" 2 0.9 2.02510147486623 5.21239553361699 11425
"1044" 2 0.9 0.703001830783841 1.42360268440524 15870
"1045" 2 0.9 34.6309099788271 122.242773818296 2312
"1046" 2 0.9 45.9950203888002 36.5711824138824 1760
"1047" 2 0.9 8.45008295319573 0.227842279409831 6857
"1048" 2 0.9 0.222985835040442 8.0525948277605 19888
"1049" 2 0.9 0.416953063253996 18.9388516119496 18618
"1050" 2 0.9 9.08022288158685 165.756005593586 6335
"1051" 4 0.9 2.32844062875315 68.8057130800349 10757
"1052" 4 0.9 2.98828324504023 19.3068936217529 9871
"1053" 4 0.9 1.24245358824471 87.7230892301132 14898
"1054" 4 0.9 0.311094136621675 2.88454229032568 19379
"1055" 4 0.9 9.76714340530325 1.16586745607127 6116
"1056" 4 0.9 0.634555147533552 45.073583838298 19985
"1057" 4 0.9 2.18772562271976 1.45016386661006 11302
"1058" 4 0.9 0.839572466946062 7.23472530804372 15393
"1059" 4 0.9 36.276285054521 37.2634574103024 2552
"1060" 4 0.9 52.1474687087615 1.88283251632762 1182
"1061" 4 0.9 3.45404947899988 2.71188506024154 9503
"1062" 4 0.9 0.25216309495208 1.7276203458183 19954
"1063" 4 0.9 3.2190645894043 7.27001658919655 9895
"1064" 4 0.9 2.63172924544378 1.04054733909935 10664
"1065" 4 0.9 1.06602839214932 2.20214559243717 15445
"1066" 4 0.9 16.7375788008982 146.632130516777 4501
"1067" 4 0.9 13.5043472996621 10.2545091349495 5320
"1068" 4 0.9 39.2258448453178 118.700398786638 1783
"1069" 4 0.9 3.23433041085993 4.5823147626652 9937
"1070" 4 0.9 0.303876641460439 5.5638244832195 19960
"1071" 4 0.9 2.88378925723107 92.9048638084921 10543
"1072" 4 0.9 1.93099581324551 4.09052517883977 11992
"1073" 4 0.9 49.507186668191 3.56851741752112 1481
"1074" 4 0.9 2.40601856508434 1.18562062269377 10367
"1075" 4 0.9 3.4154847394989 4.43294230777226 9949
"1076" 4 0.9 0.279991880259398 7.75559523938096 19961
"1077" 4 0.9 0.692355849475176 1.41357126075739 15946
"1078" 4 0.9 0.580245716136603 1.88891667330027 19531
"1079" 4 0.9 2.81334310770355 4.90713292302636 10495
"1080" 4 0.9 0.301679208278927 8.29592350518231 18989
"1081" 4 0.9 0.335172656533197 13.5827150861376 19273
"1082" 4 0.9 14.4708712984661 2.81632917374154 5166
"1083" 4 0.9 7.93084072175216 102.703973930186 6968
"1084" 4 0.9 53.7951464202687 6.74748832821686 1097
"1085" 4 0.9 7.94838809552814 0.571329559668053 6968
"1086" 4 0.9 51.5942323495456 4.61157623617153 1232
"1087" 4 0.9 0.247485728912663 8.33919462740353 19977
"1088" 4 0.9 9.82400807777252 4.11272985786862 6240
"1089" 4 0.9 2.58709584688467 3.17916115659357 10503
"1090" 4 0.9 38.5445002194543 2.776463957634 2372
"1091" 4 0.9 38.187256435858 6.05139182382406 2376
"1092" 4 0.9 0.433537440710904 7.30138418272779 18196
"1093" 4 0.9 42.7043136388914 7.20303053176422 2037
"1094" 4 0.9 1.35112768305649 11.744756254803 12384
"1095" 4 0.9 3.94346654790812 68.6515909368494 9396
"1096" 4 0.9 0.538782204922448 54.6812529248062 19671
"1097" 4 0.9 43.6596463627027 7.75373189434587 1899
"1098" 4 0.9 0.38140496038056 4.49982837014493 19960
"1099" 4 0.9 0.371645949541555 6.35410432068535 17167
"1100" 4 0.9 0.627914731294537 1.64212115513751 16327
"1101" 6 0.9 9.60377732394116 0.473944800351514 6238
"1102" 6 0.9 0.457149108351308 63.1907721858339 19989
"1103" 6 0.9 0.286068627286101 3.7810278417364 19983
"1104" 6 0.9 1.69868175488549 2.51680205885129 11792
"1105" 6 0.9 0.784697628945702 8.54763781835371 15419
"1106" 6 0.9 0.33503687933402 1.36837190482223 19966
"1107" 6 0.9 8.66832711436173 2.20549757797645 6696
"1108" 6 0.9 11.7139394816731 9.05311547912097 5863
"1109" 6 0.9 1.49481817416613 1.61392268796058 12578
"1110" 6 0.9 0.315165561746146 7.17287461169474 19987
"1111" 6 0.9 41.8597795521976 51.6432206196746 1960
"1112" 6 0.9 0.762135253844965 40.7426071366753 19989
"1113" 6 0.9 3.6397181389607 30.1896640588006 8880
"1114" 6 0.9 2.30226136191807 1.23418826643041 10913
"1115" 6 0.9 0.244325063121206 2.67038820701417 19986
"1116" 6 0.9 32.8267547686781 5.34261122930346 3054
"1117" 6 0.9 43.8080673638128 50.7979396473374 1815
"1118" 6 0.9 1.86345202568462 8.45227546466741 11557
"1119" 6 0.9 1.44894417125248 26.7253497143626 13451
"1120" 6 0.9 0.368812423351103 1.05216988018163 19989
"1121" 6 0.9 0.662414829754062 5.49523430402847 19013
"1122" 6 0.9 0.18413367446302 10.7919836701717 19975
"1123" 6 0.9 0.246933947678141 11.9477692927448 19931
"1124" 6 0.9 0.32170682912276 5.82502487131865 19557
"1125" 6 0.9 0.293778419429716 2.57350345853829 19981
"1126" 6 0.9 35.7240353792417 6.2829065966467 2659
"1127" 6 0.9 0.322453375590821 1.79985937958113 17400
"1128" 6 0.9 3.51684303837151 3.39639284664681 9245
"1129" 6 0.9 0.49629488193752 8.40913989567844 17651
"1130" 6 0.9 0.42982653585616 1.17015858719845 17071
"1131" 6 0.9 40.8592229130306 2.03652910872567 2290
"1132" 6 0.9 50.7019763657629 1.00999123707065 1245
"1133" 6 0.9 2.09679495739554 12.1135904207532 10849
"1134" 6 0.9 5.13138352651207 8.08126352430334 8393
"1135" 6 0.9 0.893879540109662 3.64854872452737 15239
"1136" 6 0.9 41.41766516026 121.830281506464 1544
"1137" 6 0.9 0.450761803509951 8.36340671365338 19969
"1138" 6 0.9 5.00420509661416 6.74379825020944 8300
"1139" 6 0.9 35.2316979877633 2.14749255694212 2714
"1140" 6 0.9 7.64299114756154 99.2028256635993 7382
"1141" 6 0.9 0.386206865296337 1.06522988859311 19386
"1142" 6 0.9 50.5010047558186 3.53805962001433 1304
"1143" 6 0.9 0.856449159089936 7.94695659155678 14061
"1144" 6 0.9 0.333636360694444 1.2158135501162 19964
"1145" 6 0.9 39.5222732689311 35.4879745893223 2274
"1146" 6 0.9 2.08118770276425 96.2144445357956 12996
"1147" 6 0.9 37.0216806096546 2.36097123328106 2351
"1148" 6 0.9 0.271383748780302 1.29542623846879 19150
"1149" 6 0.9 0.649108964757191 60.7464397286035 19921
"1150" 6 0.9 1.35460833742255 11.3812842922953 12963
"1151" 8 0.9 5.89598064404057 33.8523496835386 7389
"1152" 8 0.9 4.34091426704063 3.59927465684859 8583
"1153" 8 0.9 4.68892706579052 120.543007625917 8665
"1154" 8 0.9 46.7474212553847 6.61418690994009 1814
"1155" 8 0.9 0.376330100944178 4.5688425950934 19980
"1156" 8 0.9 0.986913931014814 2.25257658206152 14394
"1157" 8 0.9 39.1499647075809 33.3712277495216 2417
"1158" 8 0.9 0.32227969800207 8.04595449465877 19196
"1159" 8 0.9 45.3885630627073 5.24889100532402 1841
"1160" 8 0.9 5.1059497903867 36.3233121164753 7836
"1161" 8 0.9 27.6634789523087 6.3179996860012 3420
"1162" 8 0.9 0.48340071766873 12.9623072820419 17217
"1163" 8 0.9 4.95251293113208 0.228174768211853 8254
"1164" 8 0.9 2.87671113122657 58.4055107570116 10504
"1165" 8 0.9 2.91234928631777 5.45480738901752 10436
"1166" 8 0.9 0.2749809643341 35.4048212186155 19762
"1167" 8 0.9 0.439374755131395 1.29233119217449 18280
"1168" 8 0.9 42.4186790036789 10.5066286920299 2068
"1169" 8 0.9 2.50027985563181 1.26630422410685 10238
"1170" 8 0.9 0.490979033175124 2.84592025110047 17885
"1171" 8 0.9 0.967557639542739 6.56269711215859 14150
"1172" 8 0.9 7.8563107558279 4.56789984347645 6878
"1173" 8 0.9 0.334999659557206 8.68861792198268 19911
"1174" 8 0.9 0.547073340286658 7.5271757596275 17616
"1175" 8 0.9 0.330984053598613 9.19961406354955 19978
"1176" 8 0.9 16.7432566960269 0.913421557315476 4894
"1177" 8 0.9 2.15931778838491 4.02503423409655 11097
"1178" 8 0.9 0.282038516133703 11.2750309659186 19978
"1179" 8 0.9 1.93167084454016 111.505334007671 19982
"1180" 8 0.9 0.576018150258263 3.08275154978644 17790
"1181" 8 0.9 1.63292495523913 3.5897382915196 12674
"1182" 8 0.9 1.17199141689353 4.12933728868917 13063
"1183" 8 0.9 25.3500274588981 11.1622794263741 3597
"1184" 8 0.9 3.21518197728434 1.63352629758434 9871
"1185" 8 0.9 2.95131922155483 3.90569544709643 10535
"1186" 8 0.9 0.717911053889562 6.20425033837534 18127
"1187" 8 0.9 0.718506175975581 53.111622980416 18557
"1188" 8 0.9 0.483742026636333 88.7482631357813 19933
"1189" 8 0.9 0.320235904595587 6.03001393114394 19768
"1190" 8 0.9 0.693452172158105 8.09537695347511 17045
"1191" 8 0.9 16.5273793219885 7.44433449431084 4877
"1192" 8 0.9 0.285274974443048 5.62578214206939 19974
"1193" 8 0.9 2.86630745080898 91.2997989954151 10835
"1194" 8 0.9 1.54461947663055 2.56581058448652 12833
"1195" 8 0.9 0.297359365529703 5.92566830483794 19980
"1196" 8 0.9 4.636395239858 33.5710097146075 8231
"1197" 8 0.9 1.47413981151442 7.58071083229239 12703
"1198" 8 0.9 0.37108177210173 8.55580020570986 19984
"1199" 8 0.9 4.19456166136992 1.29340181509023 8905
"1200" 8 0.9 4.00392379651458 6.80343291700677 9243
"1201" 10 0.9 47.2038220158764 4.32318117579941 1497
"1202" 10 0.9 0.368612873971553 1.8095652400965 19989
"1203" 10 0.9 0.725535568112965 2.10615828225641 14512
"1204" 10 0.9 0.304390467331303 12.1435798361604 19974
"1205" 10 0.9 24.3081109953695 5.19791986874935 3725
"1206" 10 0.9 39.831655032021 2.20831039596888 2253
"1207" 10 0.9 0.504475809973806 7.22715912032112 16465
"1208" 10 0.9 0.316648018533364 10.4778397277473 19959
"1209" 10 0.9 0.419302423079483 1.7723905796324 17421
"1210" 10 0.9 50.9663251681965 6.05918554270899 1352
"1211" 10 0.9 2.99643547150973 4.41232193263869 10545
"1212" 10 0.9 45.9240285769189 2.62058106577591 1781
"1213" 10 0.9 7.90995106178262 1.51017597521205 6732
"1214" 10 0.9 0.424073641329226 34.8250394936968 17461
"1215" 10 0.9 0.260374828898505 12.0239747281807 19975
"1216" 10 0.9 0.244008315374682 28.7477907210872 19961
"1217" 10 0.9 0.620429231842236 1.97212317245675 15374
"1218" 10 0.9 0.800198064277285 5.83951724858163 14587
"1219" 10 0.9 1.87451166837014 113.512517020959 19931
"1220" 10 0.9 24.8447663041803 33.6296930966703 3557
"1221" 10 0.9 0.338299628800929 1.95179287550518 19978
"1222" 10 0.9 14.9145921114336 3.81731395230441 4966
"1223" 10 0.9 6.38913858536398 5.83442901760843 7494
"1224" 10 0.9 38.7075111105464 119.478453359624 1837
"1225" 10 0.9 0.464624788975382 9.69208716049856 19748
"1226" 10 0.9 1.26963155775769 3.10789609285361 13961
"1227" 10 0.9 42.209915302861 122.052324328042 1387
"1228" 10 0.9 0.540229657867672 59.9300071008865 19919
"1229" 10 0.9 7.55985336403514 13.1604801539504 6845
"1230" 10 0.9 0.328904701271658 1.07955464218434 19961
"1231" 10 0.9 53.0921665592659 40.2552231839067 1110
"1232" 10 0.9 4.37736286640038 3.59085368118624 8646
"1233" 10 0.9 6.03824373434927 5.79241124761707 7629
"1234" 10 0.9 0.516564619496329 13.2325784525442 17413
"1235" 10 0.9 0.559735565538124 87.958881664785 19154
"1236" 10 0.9 1.06891408762154 2.52143227839975 13710
"1237" 10 0.9 0.364214430771757 20.0547439864895 19949
"1238" 10 0.9 1.28719862543022 5.4844403367881 12977
"1239" 10 0.9 9.27867072005358 152.770087381087 7601
"1240" 10 0.9 0.503215890188686 45.2949813875256 19987
"1241" 10 0.9 0.432668386281911 4.42212481701638 16798
"1242" 10 0.9 0.438385934257987 2.65139978638387 17779
"1243" 10 0.9 0.326389458717389 0.0929376497497722 19967
"1244" 10 0.9 0.331937806175162 2.94799577619599 16875
"1245" 10 0.9 0.832582268377071 40.3301664383806 17350
"1246" 10 0.9 0.805930671064855 7.99448756430493 14215
"1247" 10 0.9 1.30560839397751 2.58214056991478 14307
"1248" 10 0.9 0.322978427416891 4.37064604752565 18244
"1249" 10 0.9 0.396401318310196 3.32905062372534 18561
"1250" 10 0.9 6.31100214212368 7.9715694220478 7651
